
strategic_region={
	id=367
	name="STRATEGICREGION_367"
	provinces={
		2281 13173 13830 16002 16012 16053 16088 16112 16130 16157 16256 16323 16324 16325 16326 16327 16328 16329 16330 16331 16332 16333 16334 16335 16336 16337 16338 16339 16340 16341 16342 16343 16344 16345 16346 16347 16348 16349 16350 16351 16352 16353 16354 16355 16356 16357 16358 16359 16360 16361 16362 16363 16364 16365 16366 16367 16368 16369 16370 16371 16372 16373 16374 16375 16376 16377 16378 16379 16382 16384 16385 16388 16390 16391 16392 16395 16396 16398 16404 16406 16407 
	}
	weather={
	}
}
